135
1
10
1010
1000000001
10
11
100
101
1100000000101
101
101
1111000001010
1011
1100
10101000001101
10
11
11110000000100
11111000000101
100000000000110
100001000000110
100010000000110
100011000000110
100100000001011
100101000001100
100110000001101
100111000001110
101000000000011
1100100000000100
1100101000000101
1100110000000110
1100111000000111
1101000000000111
1101001000000111
1101010000000111
1101011000001100
1101100000001101
1101101000001110
1101110000001111
1101111000000100
100101100000000101
100101101000000110
100101110000000111
100101111000101101
100110000000101110
100110001000101001
100110010010010110
100110011010010111
100110100010011000
100110101010011001
100110110010011010
100110111010011011
100111000010011100
100111001010011101
100111010010011110
100111011010011111
100111100010100000
100111101010100001
100111110010100010
100111111010100011
101000000010100100
101000001010100101
101000010010100110
101000011010100111
101000100010101000
101000101010101001
101000110010101010
101000111010101011
110010000010101100
110010001010101101
110010010010101110
110010011010101111
110010100010110000
110010101010110001
110010110010110010
110010111010110011
110011000010110100
110011001010110101
110011010010110110
110011011010110111
110011100010111000
110011101010111001
110011110010111010
110011111010111011
110100000010111100
110100001010111101
110100010010111110
110100011010111111
110100100011000000
110100101011000001
110100110011000010
110100111011000011
110101000011000100
110101001011000101
110101010011000110
110101011011000111
110101100011001000
110101101011001001
110101110011001010
110101111011001011
110110000011001100
110110001011001101
110110010011001110
110110011011001111
110110100011010000
110110101011010001
110110110011010010
110110111011010011
110111000011010100
110111001011010101
110111010011010110
110111011011010111
110111100011011000
110111101011011001
110111110011011010
110111111011011011
111000000011011100
111000001011011101
111000010011011110
111000011011011111
111000100011100000
111000101011100001
111000110011100010
111000111011100011
111001000011100100
111001001011100101
111001010011100110
111001011011100111
111001100011101000
111001101011101001
111001110011101010
111001111011101011
111010000011101100
111010001011101101
111111111011101110
